a=0,0,18,31,
b=18,0,18,31,
c=36,0,18,31,
d=54,0,18,31,
e=72,0,18,31,
f=90,0,18,31,
g=108,0,18,31,
h=126,0,18,31,
i=144,0,18,31,
j=162,0,18,31,
k=180,0,18,31,
l=198,0,18,31,
m=216,0,18,31,
n=234,0,18,31,
o=252,0,18,31,
p=270,0,18,31,
q=288,0,18,31,
r=306,0,18,31,
s=324,0,18,31,
t=342,0,18,31,
u=360,0,18,31,
v=378,0,18,31,
w=396,0,18,31,
x=414,0,18,31,
y=432,0,18,31,
z=450,0,18,31,
A=0,31,18,31,
B=18,31,18,31,
C=36,31,18,31,
D=54,31,18,31,
E=72,31,18,31,
F=90,31,18,31,
G=108,31,18,31,
H=126,31,18,31,
I=144,31,18,31,
J=162,31,18,31,
K=180,31,18,31,
L=198,31,18,31,
M=216,31,18,31,
N=234,31,18,31,
O=252,31,18,31,
P=270,31,18,31,
Q=288,31,18,31,
R=306,31,18,31,
S=324,31,18,31,
T=342,31,18,31,
U=360,31,18,31,
V=378,31,18,31,
W=396,31,18,31,
X=414,31,18,31,
Y=432,31,18,31,
Z=450,31,18,31,
0=0,62,18,31,
1=18,62,18,31,
2=36,62,18,31,
3=54,62,18,31,
4=72,62,18,31,
5=90,62,18,31,
6=108,62,18,31,
7=126,62,18,31,
8=144,62,18,31,
9=162,62,18,31,
 =180,62,18,31,
(=198,62,18,31,
!=216,62,18,31,
@=234,62,18,31,
#=252,62,18,31,
$=270,62,18,31,
%=288,62,18,31,
&=306,62,18,31,
.=324,62,18,31,
,=342,62,18,31,
?=360,62,18,31,
:=378,62,18,31,
;=396,62,18,31,
)=414,62,18,31,
<=432,62,18,31,
arrow_left=0,100,32,32,
arrow_right=32,100,32,32,
undefined_1=64,100,32,32,
undefined_2=96,100,32,32,
question_bubble=128,100,32,32,
loading_0=160,100,32,32,
tally_1=192,100,32,32,
tally_2=224,100,32,32,
tally_5=256,100,32,32,
arrow_left_up=0,132,32,32,
arrow_right_up=32,132,32,32,
undefined_3=64,132,32,32,
undefined_4=96,132,32,32,
loading_2=128,132,32,32,
loading_1=160,132,32,32,
tally_3=192,132,32,32,
tally_4=224,132,32,32,
gen_n_0=0,164,32,32,
gen_n_1=32,164,32,32,
gen_e_0=64,164,32,32,
gen_e_1=96,164,32,32,
gen_s_0=128,164,32,32,
gen_s_1=160,164,32,32,
gen_w_0=192,164,32,32,
gen_w_1=224,164,32,32,
gen_n_3=0,196,32,32,
gen_n_2=32,196,32,32,
gen_e_3=64,196,32,32,
gen_e_2=96,196,32,32,
gen_s_3=128,196,32,32,
gen_s_2=160,196,32,32,
gen_w_3=192,196,32,32,
gen_w_2=224,196,32,32,
heart=0,228,32,32,
bolt=32,228,32,32,
bolt_empty=64,228,32,32,
shield=96,228,32,32,
sword=128,228,32,32,
knife=160,228,32,32,
envelope=192,228,32,32,
sun=224,228,32,32,
telescope=256,228,32,32,
square=0,260,32,32,
circle=32,260,32,32,
ex=64,260,32,32,
plus=96,260,32,32,
p1=0,292,32,32,
p2=32,292,32,32,
p1_w=64,292,32,32,
p2_w=96,292,32,32,
p1_b=128,292,32,32,
p2_b=160,292,32,32,
p1_r=192,292,32,32,
p2_r=224,292,32,32,
p3=0,324,32,32,
p4=32,324,32,32,
p3_w=64,324,32,32,
p4_w=96,324,32,32,
p3_b=128,324,32,32,
p4_b=160,324,32,32,
p3_r=192,324,32,32,
p4_r=224,324,32,32,
what=0,356,32,32,
who_ns=32,356,32,32,
who_we=64,356,32,32,
when=96,356,32,32,
where_ns=128,356,32,32,
where_we=160,356,32,32,
null=0,388,32,32,
border_top=8,260,16,16,
border_bottom=8,276,16,16,
border_left=0,268,16,16,
border_right=16,268,16,16,
border_corner_tl=0,260,16,16,
border_corner_tr=16,260,16,16,
border_corner_round_tl=32,260,16,16,
border_corner_round_tr=48,260,16,16,
border_corner_bl=0,276,16,16,
border_corner_br=16,276,16,16,
border_corner_round_bl=32,276,16,16,
border_corner_round_br=48,276,16,16,
black=64,100,1,1,
white=65,100,1,1,
grey=66,100,1,1,
red=67,100,1,1,
green=68,100,1,1,
blue=69,100,1,1,
black_a=64,101,1,1,
white_a=65,101,1,1,
grey_a=66,101,1,1,
red_a=67,101,1,1,
green_a=68,101,1,1,
blue_a=69,101,1,1,
